36353
34817
34049
33281
33537
34561
36353
38913
41473
43777
44801
44801
43521
40193
36097
30721
25857
20993
17921
16897
17921
21761
27137
34561
41985
49665
55041
58881
59393
56833
51713
43777
35073
25345
17409
11009
7681
7681
11265
18177
26369
36609
45825
54529
59905
62721
61953
57601
50945
41985
33025
23809
16897
12289
10753
12289
16129
22785
29953
37889
44545
49921
52737
53249
51457
47873
43265
37633
32769
28673
26113
25089
25345
27137
29441
32001
34305
36097
36865
36609
36097
34817
34049
33281
33537
34561
36353
38913
41473
43777
44801
44801
43521
40193
36097
30721
25857
20993
17921
16897
17921
21761
27137
34561
41985
49665
55041
58881
59393
56833
51713
43777
35073
25345
17409
11009
7681
7681
11265
18177
26369
36609
45825
54529
59905
62721
61953
57601
50945
41985
33025
23809
16897
12289
10753
12289
16129
22785
29953
37889
44545
49921
52737
53249
51457
47873
43265
37633
32769
28673
26113
25089
25345
27137
29441
32001
34305
36097
36865
36609
36097
34817
34049
33281
33537
34561
36353
38913
41473
43777
44801
44801
43521
40193
36097
30721
25857
20993
17921
16897
17921
21761
27137
34561
41985
49665
55041
58881
59393
56833
51713
43777
35073
25345
17409
11009
7681
7681
11265
18177
26369
36609
45825
54529
59905
62721
61953
57601
50945
41985
33025
23809
16897
12289
10753
12289
16129
22785
29953
37889
44545
49921
52737
53249
51457
47873
43265
37633
32769
28673
26113
25089
25345
27137
29441
32001
34305
36097
36865
36609
36097
34817
34049
33281
33537
34561
36353
38913
41473
43777
44801
44801
43521
40193
36097
30721
25857
20993
17921
16897
17921
21761
27137
34561
41985
49665
55041
58881
59393
56833
51713
43777
35073
25345
17409
11009
7681
7681
11265
18177
26369
36609
45825
54529
59905
62721
61953
57601
50945
41985
33025
23809
16897
12289
10753
12289
16129
22785
29953
37889
44545
49921
52737
53249
51457
47873
43265
37633
32769
28673
26113
25089
25345
27137
29441
32001
34305
36097
36865
36609
36097
34817
34049
33281
33537
34561
36353
38913
41473
43777
44801
44801
43521
40193
36097
30721
25857
20993
17921
16897
17921
21761
27137
34561
41985
49665
55041
58881
59393
56833
51713
43777
35073
25345
17409
11009
7681
7681
11265
18177
26369
36609
45825
54529
59905
62721
61953
57601
50945
41985
33025
23809
16897
12289
10753
12289
16129
22785
29953
37889
44545
49921
52737
53249
51457
47873
43265
37633
32769
28673
26113
25089
25345
27137
29441
32001
34305
36097
36865
36609
36097
34817
34049
33281
33537
34561
36353
38913
41473
43777
44801
44801
43521
40193
36097
30721
25857
20993
17921
16897
17921
21761
27137
34561
41985
49665
55041
58881
59393
56833
51713
43777
35073
25345
17409
11009
7681
7681
11265
18177
26369
36609
45825
54529
59905
62721
61953
57601
50945
41985
33025
23809
16897
12289
10753
12289
16129
22785
29953
37889
44545
49921
52737
53249
51457
47873
43265
37633
32769
28673
26113
25089
25345
27137
29441
32001
34305
36097
36865
36609
36097
34817
34049
33281
33537
34561
36353
38913
41473
43777
44801
44801
43521
40193
36097
30721
25857
20993
17921
16897
17921
21761
27137
34561
41985
49665
55041
58881
59393
56833
51713
43777
35073
25345
17409
11009
7681
7681
11265
18177
26369
36609
45825
54529
59905
62721
61953
57601
50945
41985
33025
23809
16897
12289
10753
12289
16129
22785
29953
37889
44545
49921
52737
53249
51457
47873
43265
37633
32769
28673
26113
25089
25345
27137
29441
32001
34305
36097
36865
36609
36097
34817
34049
33281
33537
34561
36353
38913
41473
43777
44801
44801
43521
40193
36097
30721
25857
20993
17921
16897
17921
21761
27137
34561
41985
49665
55041
58881
59393
56833
51713
43777
35073
25345
17409
11009
7681
7681
11265
18177
26369
36609
45825
54529
59905
62721
61953
57601
50945
41985
33025
23809
16897
12289
10753
12289
16129
22785
29953
37889
44545
49921
52737
53249
51457
47873
43265
37633
32769
28673
26113
25089
25345
27137
29441
32001
34305
36097
36865
36609
36097
34817
34049
33281
33537
34561
36353
38913
41473
43777
44801
44801
43521
40193
36097
30721
25857
20993
17921
16897
17921
21761
27137
34561
41985
49665
55041
58881
59393
56833
51713
43777
35073
25345
17409
11009
7681
7681
11265
18177
26369
36609
45825
54529
59905
62721
61953
57601
50945
41985
33025
23809
16897
12289
10753
12289
16129
22785
29953
37889
44545
49921
52737
53249
51457
47873
43265
37633
32769
28673
26113
25089
25345
27137
29441
32001
34305
36097
36865
36609
36097
34817
34049
33281
33537
34561
36353
38913
41473
43777
44801
44801
43521
40193
36097
30721
25857
20993
17921
16897
17921
21761
27137
34561
41985
49665
55041
58881
59393
56833
51713
43777
35073
25345
17409
11009
7681
7681
11265
18177
26369
36609
45825
54529
59905
62721
61953
57601
50945
41985
33025
23809
16897
12289
10753
12289
16129
22785
29953
37889
44545
49921
52737
53249
51457
47873
43265
37633
32769
28673
26113
25089
25345
27137
29441
32001
34305
36097
36865
36609
36097
34817
34049
33281
33537
34561
36353
38913
41473
43777
44801
44801
43521
40193
36097
30721
25857
20993
17921
16897
17921
21761
27137
34561
41985
49665
55041
58881
59393
56833
51713
43777
35073
25345
17409
11009
7681
7681
11265
18177
26369
36609
45825
54529
59905
62721
61953
57601
50945
41985
33025
23809
16897
12289
10753
12289
16129
22785
29953
37889
44545
49921
52737
53249
51457
47873
43265
37633
32769
28673
26113
25089
25345
27137
29441
32001
34305
36097
36865
36609
36097
34817
34049
33281
33537
34561
36353
38913
41473
43777
44801
44801
43521
40193
36097
30721
25857
20993
17921
16897
17921
21761
27137
34561
41985
49665
55041
58881
59393
56833
51713
43777
35073
25345
17409
11009
7681
7681
11265
18177
26369
36609
45825
54529
59905
62721
61953
57601
50945
41985
33025
23809
16897
12289
10753
12289
16129
22785
29953
37889
44545
49921
52737
53249
51457
47873
43265
37633
32769
28673
26113
25089
25345
27137
29441
32001
34305
36097
36865
36609
36097
34817
34049
33281
33537
34561
36353
38913
41473
43777
44801
44801
43521
40193
36097
30721
25857
20993
17921
16897
17921
21761
27137
34561
41985
49665
55041
58881
59393
56833
51713
43777
35073
25345
17409
11009
7681
7681
11265
18177
26369
36609
45825
54529
59905
62721
61953
57601
50945
41985
33025
23809
16897
12289
10753
12289
16129
22785
29953
37889
44545
49921
52737
53249