62465
63233
63745
64001
63745
63489
62977
62209
61185
60161
58881
57601
55809
54273
52225
50177
48129
45825
43521
41217
38657
36097
33537
31233
28673
26113
23553
21249
18689
16641
14337
12289
10241
8449
6913
5377
4097
2817
2049
1281
513
257
1
0
0
512
1025
1793
2817
3841
5121
6657
8193
10241
12033
14081
16385
18689
20993
23553
25857
28417
30977
33537
36097
38657
40961
43521
45825
47873
50177
52225
54017
55809
57345
58881
60161
61185
62209
62977
63489
63745
64001
63745
63233
62721
61953
61185
59905
58625
57089
55553
53761
51969
49665
47617
45313
43009
40705
38145
35585
33025
30465
27905
25345
23041
20481
18177
15873
13825
11777
9985
8193
6657
5121
3841
2561
1793
1025
513
1
0
0
0
512
1281
2049
3073
4097
5633
7169
8705
10497
12545
14593
16897
19201
21505
24065
26625
28929
31489
34049
36609
39169
41473
44033
46337
48641
50689
52737
54529
56321
57857
59137
60417
61441
62465
62977
63489
63745
63745
63745
63233
62721
61697
60929
59649
58369
56833
55041
53249
51457
49153
47105
44801
42497
39937
37633
35073
32513
29953
27393
24833
22529
19969
17665
15361
13313
11265
9473
7937
6145
4865
3585
2561
1537
769
257
1
0
0
256
769
1281
2305
3329
4609
5889
7425
9217
11009
13057
15105
17409
19713
22017
24577
27137
29697
32257
34561
37121
39681
42241
44545
46849
49153
51201
52993
54785
56577
58113
59393
60673
61697
62465
63233
63489
63745
63745
63489
62977
62465
61697
60673
59393
57857
56321
54785
52993
50945
48897
46593
44289
41985
39425
36865
34305
32001
29441
26881
24321
21761
19457
17153
14849
12801
11009
8961
7425
5889
4353
3329
2305
1281
769
257
1
0
0
256
769
1537
2561
3585
4865
6145
7937
9473
11521
13569
15617
17921
20225
22785
25089
27649
30209
32769
35329
37889
40193
42753
45057
47361
49409
51713
53505
55297
57089
58369
59905
60929
61953
62721
63233
63745
64001
63745
63489
62977
62209
61441
60417
59137
57601
56065
54273
52481
50433
48385
46081
43777
41217
38913
36353
33793
31233
28673
26113
23809
21249
18945
16641
14593
12289
10497
8705
6913
5633
4097
3073
2049
1281
513
257
1
0
0
256
1025
1793
2561
3841
5121
6657
8193
9985
11777
14081
16129
18433
20993
23297
25857
28161
30721
33281
35841
38401
40961
43265
45569
47873
49921
51969
54017
55809
57345
58881
60161
61185
62209
62721
63489
63745
64001
63745
63489
62721
61953
61185
59905
58625
57345
55553
53761
51969
49921
47873
45569
43265
40705
38401
35841
33281
30721
28161
25601
23041
20737
18433
16129
14081
12033
9985
8193
6657
5121
3841
2817
1793
1025
513
1
0
0
0
512
1025
2049
2817
4097
5377
6913
8705
10497
12545
14593
16641
18945
21505
23809
26369
28929
31489
34049
36353
38913
41473
43777
46081
48385
50433
52481
54273
56065
57601
59137
60417
61441
62209
62977
63489
63745
64001
63745
63233
62721
61953
60929
59649
58369
56833
55297
53505
51457
49409
47361
45057
42497
40193
37633
35073
32513
30209
27649
25089
22529
20225
17921
15617
13569
11521
9473
7937
6401
4865
3585
2561
1537
769
257
1
0
0
256
769
1281
2305
3073
4353
5889
7425
8961
10753
13057
15105
17153
19713
22017
24321
26881
29441
32001
34561
37121
39681
41985
44289
46593
48897
50945
52993
54785
56577
58113
59393
60673
61697
62465
63233
63489
63745
63745
63489
63233
62465
61697
60673
59393
58113
56577
54785
52993
50945
48897
46593
44289
41985
39681
37121
34561
32001
29441
26881
24577
22017
19713
17409
15105
13057
11009
9217
7425
5889
4609
3329
2305
1281
769
257
1
0
0
256
769
1537
2305
3585
4609
6145
7681
9473
11265
13569
15617
17921
20225
22529
25089
27649
29953
32513
35073
37633
40193
42497
45057
47105
49409
51457
53505
55297
56833
58369
59649
60929
61953
62721
63233
63745
64001
63745
63489
62977
62209
61441
60417
59137
57601
56065
54529
52481
50433
48385
46081
43777
41473
38913
36609
34049
31489
28929
26369
23809
21505
19201
16897
14593
12545
10497
8705
7169
5633
4353
3073
2049
1281
513
257
1
0
0
256
1025
1793
2561
3841
5121
6401
8193
9985
11777
13825
16129
18433
20737
23041
25601
28161
30721
33281
35841
38145
40705
43009
45569
47873
49921
51969
53761
55553
57345
58625
59905
61185
61953
62721
63489
63745
64001
63745
63489
62721
62209
61185
60161
58881
57345
55809
54017
51969
50177
47873
45569
43265
40961
38401
35841
33281
30721
28417
25857
23297
20993
18433
16385
14081
12033
10241
8449
6657
5377
3841
2817
1793
1025
513
1
0
0
0
512
1025
1793
2817
4097
5377
6913
8449
10241
12289
14337
16641
18945
21249
23809
26113
28673
31233
33793
36353
38913
41217
43777
46081
48129
50433
52481
54273
56065
57601
59137
60161
61441
62209
62977
63489
63745
64001
63745
63233
62721
61953
60929
59905
58625
57089
55297
53505
51713
49665
47361
45057
42753
40193
37889
35329
32769
30209
27649
25089
22785
20225
17921
15873
13569
11521
9729
7937
6401
4865
3585
2561
1537
1025
257
1
0
0
256
513
1281
2049
3073
4353
5633
7169
8961
10753
12801
14849
17153
19457
21761
24321
26881
29185
31745
34305
36865
39425
41985
44289
46593
48641
50945
52737
54785
56321
57857
59393
60673
61697
62465
62977
63489
63745
63745
63489
63233
62465
61697
60673
59393
58113
56577
55041
53249
51201
49153
46849
44545
42241
39681
37121
34817
32257
29697
27137
24577
22273
19713
17409
15361
13057
11009
9217
7681
6145
4609
3329
2305
1537
769
257
1
0
0
256
769
1537
2305
3329
4609
6145
7681
9217
11265
13313
15361
17665
19969
22529
24833
27393
29953
32513
35073
37377
39937
42497
44801
47105
49153
51457
53249
55041
56833
58369
59649
60929
61697
62465
63233
63745
63745
63745
63489
62977
62465
61441
60417
59137
57857
56321
54529
52737
50689
48641
46337
44033
41729
39169
36609
34049
31489
29185
26625
24065
21505
19201
16897
14849
12545
10753
8961
7169
5633
4353
3073
2049
1281
769
257
1
0
0
256
769
1537
2561
3585
4865
6401
7937
9729
11777
13825
15873
18177
20481
23041
25345
27905
30465
33025
35585
38145
40449
43009
45313
47617
49665
51713
53761
55553
57089
58625
59905
61185
61953
