51457
49409
47873
46081
44545
43009
41217
39681
38145
36353
34817
33281
31745
29953
28417
26625
25089
23553
22017
20225
18689
17153
15361
13825
12289
10497
8961
7425
5889
4097
2561
1025
257
1793
3585
5121
6913
8449
9985
11777
13313
15105
16641
18177
19969
21505
23041
24833
26369
27905
29441
31233
32769
34305
36097
37633
39169
40961
42497
44033
45825
47361
48897
50433
52225
53761
55553
57089
58625
60161
61953
63489
62721
60929
59393
57857
56065
54529
52993
51201
49665
48129
46593
44801
43265
41729
39937
38401
36865
35073
33537
32001
30209
28673
27137
25345
23809
22273
20481
18945
17409
15873
14081
12545
11009
9217
7681
6145
4609
2817
1281
1
1536
3329
4865
6657
8193
9729
11521
13057
14593
16385
17921
19457
21249
22785
24321
26113
27649
29185
30977
32513
34049
35841
37377
38913
40449
42241
43777
45313
47105
48641
50177
51969
53505
55041
56833
58369
59905
61697
63233
62977
61185
59649
58113
56577
54785
53249
51713
49921
48385
46849
45057
43521
41985
40193
38657
37121
35585
33793
32257
30465
28929
27393
25857
24065
22529
20993
19201
17665
16129
14337
12801
11265
9473
7937
6401
4865
3329
1537
1
1024
3073
4609
6145
7937
9473
11009
12801
14337
15873
17665
19201
20993
22529
24065
25601
27393
28929
30465
32257
33793
35329
37121
38657
40193
41985
43521
45057
46593
48385
49921
51457
53249
54785
56321
58113
59649
61185
62977
63233
61697
59905
58369
56833
55041
53505
51969
50433
48641
47105
45569
43777
42241
40705
38913
37377
35841
34049
32513
30977
29185
27649
26113
24321
22785
21249
19713
17921
16385
14849
13057
11521
9985
8449
6657
5121
3585
1793
257
1025
2561
4353
5889
7425
9217
10753
12545
14081
15617
17409
18945
20481
22273
23809
25345
27137
28673
30209
32001
33537
35073
36609
38401
39937
41473
43265
44801
46337
48129
49665
51201
52993
54529
56065
57857
59393
60929
62465
63489
61953
60417
58625
57089
55553
53761
52225
50689
48897
47361
45825
44033
42497
40961
39425
37633
36097
34561
32769
31233
29697
27905
26369
24833
23041
21505
19969
18177
16641
15105
13313
11777
10241
8705
7169
5377
3841
2305
513
769
2305
4097
5633
7169
8961
10497
12033
13825
15361
17153
18689
20225
21761
23553
25089
26625
28417
29953
31489
33281
34817
36353
38145
39681
41217
42753
44545
46081
47617
49409
50945
52481
54273
55809
57345
59137
60673
62209
63745
62209
60673
58881
57345
55809
54273
52481
50945
49409
47617
46081
44545
42753
41217
39681
37889
36353
34817
33281
31489
29953
28161
26625
25089
23553
21761
20225
18689
16897
15361
13825
12033
10497
8961
7425
5633
4097
2561
1025
513
2049
3585
5377
6913
8449
10241
11777
13569
15105
16641
18433
19969
21505
23297
24833
26369
27905
29697
31233
32769
34561
36097
37633
39425
40961
42497
44289
45825
47361
49153
50689
52225
53761
55553
57089
58625
60417
61953
63489
62465
60929
59393
57601
56065
54529
52737
51201
49665
47873
46337
44801
43265
41473
39937
38401
36609
35073
33537
31745
30209
28673
26881
25345
23809
22017
20481
18945
17153
15617
14081
12545
10753
9217
7681
6145
4353
2817
1281
257
1793
3329
5121
6657
8193
9729
11521
13313
14849
16385
17921
19713
21249
22785
24577
26113
27649
29441
30977
32513
34305
35841
37377
38913
40705
42241
43777
45569
47105
48641
50433
51969
53505
55297
56833
58369
59905
61697
63233
62721
61185
59649
58113
56321
54785
53249
51457
49921
48385
46593
45057
43521
41729
40193
38657
37121
35329
33793
32257
30465
28929
27393
25601
24065
22529
20737
19201
17665
15873
14337
12801
11009
9473
7937
6401
4865
3073
1537
1
1280
3073
4609
6401
7937
9473
11265
12801
14593
16129
17665
19457
20993
22529
24065
25857
27393
28929
30721
32257
33793
35585
37121
38657
40449
41985
43521
45313
46849
48385
49921
51713
53249
54785
56577
58113
59649
61441
62977
63233
61441
59905
58369
56577
55041
53505
51969
50177
48641
47105
45313
43777
42241
40449
38913
37377
35585
34049
32513
30721
29185
27649
25857
24321
22785
21249
19457
17921
16385
14593
13057
11521
9729
8193
6657
5121
3329
1793
257
1025
2817
4353
6145
7681
9217
10753
12545
14081
15873
17409
18945
20737
22273
23809
25601
27137
28673
30465
32001
33537
35073
36865
38401
39937
41729
43265
44801
46593
48129
49665
51457
52993
54529
56065
57857
59393
61185
62721
63489
61953
60161
58625
57089
55297
53761
52225
50433
48897
47361
45569
44033
42497
40961
39169
37633
36097
34305
32769
31233
29441
27905
26369
24577
23041
21505
19713
18177
16641
14849
13313
11777
10241
8449
6913
5377
3841
2049
513
769
2305
4097
5633
7425
8961
10497
12289
13825
15617
17153
18689
20225
22017
23553
25089
26881
28417
29953
31745
33281
34817
36609
38145
39681
41217
43009
44545
46081
47873
49409
50945
52737
54273
55809
57601
59137
60673
62465
63745
62209
60417
58881
57345
55809
54017
52481
50945
49153
47617
46081
44289
42753
41217
39425
37889
36353
34561
33025
31489
29697
28161
26625
25089
23297
21761
20225
18433
16897
15361
13569
12033
10497
8705
7169
5633
4097
2561
769
513
2049
3841
5377
6913
8705
10241
12033
13569
15105
16897
18433
19969
21761
23297
24833
26625
28161
29697
31233
33025
34561
36097
37889
39425
40961
42753
44289
45825
47617
49153
50689
52225
54017
55553
57089
58881
60417
61953
63745
62465
60929
59137
57601
56065
54273
52737
51201
49409
47873
46337
44801
43009
41473
39937
38145
36609
35073
33281
31745
30209
28417
26881
25345
23553
22017
20481
18689
17153
15617
14081
12289
10753
9217
7681
5889
4353
2817
1025
257
1793
3585
5121
6657
8449
9985
11521
13313
14849
16385
18177
19713
21249
23041
24577
26113
27905
29441
30977
32769
34305
35841
37377
39169
40705
42241
44033
45569
47105
48897
50433
51969
53761
55297
56833
58625
60161
61697
63489
62721
61185
59649
57857
56321
54785
52993
51457
49921
48129
46593
45057
43265
41729
40193
38657
36865
35329
33537
32001
30465
28929
27137
25601
24065
22273
20737
19201
17409
15873
14337
12545
11009
9473
7937
6401
4609
3073
1537
1
1280
3073
4865
6401
7937
9729
11265
13057
14593
16129
17921
19457
20993
22529
24321
25857
27393
29185
30721
32257
34049
35585
37121
38913
40449
41985
43777
45313
46849
48385
50177
51713
53249
55041
56577
58113
59905
61441
62977
62977
61441